



plane
50  0 200
0.0 1.0 0.4
0.0 0.0 0.5
198 0 0
-1 0 0



plane
0  0 400
0.0 1.0 0.4
0.0 0.0 0.5
255 25 100
0 0 1

plane
0  -50 200
0.0 1.0 0.4
0.0 0.0 0.5
150 0 90
0 1 0



plane
0  200 200
0.0 1.0 0.4
0.0 0.0 0.5
150 150 90
0 -1 0

camera
-50 10 -600
0.0 0.0 60

cylinder
0 60 1.4
0.0 1.0 0.0
0.0 0.0 0.0
0 0 255
5
0 0 1

sphere
0 60 -30
0.0 0.0 0.1
0.0 0.0 0.2
0 255 0
10

sphere
-60 -50 60
0.0 0.0 0.1
0.0 0.0 0.2
255 255 0
50

sphere
-60 20 60
0.0 0.0 0.1
0.0 0.0 0.2
255 255 0
30

sphere
-60 65 60
0.0 0.0 0.1
0.0 0.0 0.2
255 255 0
20

sphere
-60 85 60
0.0 0.0 0.1
0.0 0.0 0.2
0 0 255
10

sphere
-45 75 60
0.0 0.0 0.1
0.0 0.0 0.2
0 0 255
10

sphere
-75 75 60
0.0 0.0 0.1
0.0 0.0 0.2
0 0 255
10

light
-100 0 -300
255 255 255
2000

sphere
-202 100 10
0.0 0.0 0.1
0.0 0.0 0.2
255 255 255
2




